1 0
0.894102 0.649603
0.377434 1.16162
-0.417129 1.28379
-1.20691 0.876873
-1.64872 1.03512e-06
-1.47413 -1.07101
-0.622285 -1.91519
0.687728 -2.11662
1.98986 -1.44572
2.71828 -3.41325e-06
2.43042 1.7658
1.02598 3.15762
-1.13387 3.48971
-3.28072 2.38359
-4.48169 8.44126e-06
-4.00709 -2.91131
-1.69155 -5.20603
1.86943 -5.75356
5.40899 -3.92988
7.38905 -2.56031e-05
6.60659 4.79993
2.78892 8.58328
-3.08214 9.48602
-8.91789 6.47931
-12.1825 8.47153e-05
-10.8925 -7.91369
-4.5982 -14.1514
5.08151 -15.6398
14.7031 -10.6826
20.0855 -0.000228902
17.9586 13.0474
7.58126 23.3317
-8.37793 25.7857
-24.2412 17.6128
-33.1154 0.00046135
-29.6089 -21.5114
-12.4995 -38.4674
13.8127 -42.5135
39.9669 -29.0386
54.598 -0.00100319
48.8168 35.4662
20.6084 63.4219
-22.7731 70.0929
-65.8939 47.8769
-90.0169 0.00188219
-80.4856 -58.4734
-33.9778 -104.565
37.5459 -115.564
108.64 -78.9359
148.413 -0.00376253
132.698 96.406
56.0203 172.398
-61.9018 190.533
-179.117 130.144
-244.691 0.0068237
-218.783 -158.946
-92.3636 -284.236
102.058 -314.135
295.314 -214.572
403.427 -0.0122731
360.714 262.055
152.283 468.625
-168.264 517.922
-486.889 353.77
-665.138 0.0244585
-594.717 -432.054
-251.074 -772.631
277.418 -853.909
802.74 -583.273
1096.63 -0.0431054
980.525 712.334
413.954 1273.85
-457.376 1407.86
-1323.49 961.658
-1808.03 0.0756524
-1616.61 -1174.44
-682.508 -2100.22
754.079 -2321.17
2182.06 -1585.51
2980.94 -0.132287
2665.36 1936.3
1125.27 3462.68
-1243.26 3826.96
-3597.61 2614.07
-4914.74 0.249312
-4394.44 -3192.41
-1855.28 -5708.98
2049.77 -6309.6
5931.42 -4309.91
8103.03 -0.431589
7245.21 5263.37
3058.86 9412.5
-3379.42 10402.8
-9779.24 7105.87
-13359.6 0.745438
-11945.4 -8677.79
-5043.3 -15518.5
5571.68 -17151.3
16123.2 -11715.6
22026.3 -1.28486
