0 0 0
7.14286e-05 309.017 433.884
0.000142857 587.785 781.831
0.000214286 809.017 974.928
0.000285714 951.056 974.928
0.000357143 1000 781.832
0.000428571 951.057 433.884
0.0005 809.017 0.00066148
0.000571429 587.786 -433.883
0.000642857 309.018 -781.831
0.000714286 0.00066148 -974.928
0.000785714 -309.016 -974.928
0.000857143 -587.785 -781.832
0.000928571 -809.016 -433.885
0.001 -951.056 -0.00132296
0.00107143 -1000 433.882
0.00114286 -951.057 781.831
0.00121429 -809.018 974.928
0.00128571 -587.786 974.928
0.00135714 -309.018 781.833
0.00142857 -0.00132296 433.885
0.0015 309.016 0.00198444
0.00157143 587.784 -433.882
0.00164286 809.016 -781.83
0.00171429 951.056 -974.927
0.00178571 1000 -974.928
0.00185714 951.057 -781.833
0.00192857 809.018 -433.886
0.002 587.787 -0.00264592
0.00207143 309.019 433.881
0.00214286 0.00198444 781.83
0.00221429 -309.015 974.927
0.00228571 -587.784 974.929
0.00235714 -809.016 781.833
0.00242857 -951.056 433.887
0.0025 -1000 0.0033074
0.00257143 -951.057 -433.881
0.00264286 -809.018 -781.829
0.00271429 -587.787 -974.927
0.00278571 -309.019 -974.929
0.00285714 -0.00264592 -781.834
0.00292857 309.014 -433.887
0.003 587.783 -0.00396888
0.00307143 809.015 433.88
0.00314286 951.056 781.829
0.00321429 1000 974.927
0.00328571 951.057 974.929
0.00335714 809.019 781.834
0.00342857 587.788 433.888
0.0035 309.02 0.00463036
0.00357143 0.0033074 -433.879
0.00364286 -309.014 -781.828
0.00371429 -587.782 -974.927
0.00378571 -809.015 -974.929
0.00385714 -951.055 -781.835
0.00392857 -1000 -433.888
0.004 -951.058 -0.00529184
0.00407143 -809.019 433.879
0.00414286 -587.788 781.828
0.00421429 -309.021 974.927
0.00428571 -0.00396888 974.929
0.00435714 309.013 781.835
0.00442857 587.782 433.889
0.0045 809.015 0.00595332
0.00457143 951.055 -433.878
0.00464286 1000 -781.828
0.00471429 951.058 -974.927
0.00478571 809.02 -974.929
0.00485714 587.789 -781.836
0.00492857 309.021 -433.89
0.005 0.00463036 -0.0066148
0.00507143 -309.013 433.878
0.00514286 -587.781 781.827
0.00521429 -809.014 974.926
0.00528571 -951.055 974.929
0.00535714 -1000 781.836
0.00542857 -951.058 433.89
0.0055 -809.02 0.00727628
0.00557143 -587.789 -433.877
0.00564286 -309.022 -781.827
0.00571429 -0.00529184 -974.926
0.00578571 309.012 -974.93
0.00585714 587.781 -781.836
0.00592857 809.014 -433.891
0.006 951.055 -0.00793776
0.00607143 1000 433.876
0.00614286 951.058 781.826
0.00621429 809.02 974.926
0.00628571 587.79 974.93
0.00635714 309.023 781.837
0.00642857 0.00595332 433.891
0.0065 -309.011 0.00859924
0.00657143 -587.78 -433.876
0.00664286 -809.013 -781.826
0.00671429 -951.055 -974.926
0.00678571 -1000 -974.93
0.00685714 -951.058 -781.837
0.00692857 -809.021 -433.892
0.007 -587.79 -0.00926072
0.00707143 -309.023 433.875
0.00714286 -0.0066148 781.826
0.00721429 309.011 974.926
0.00728571 587.78 974.93
0.00735714 809.013 781.838
0.00742857 951.054 433.893
0.0075 1000 0.0099222
0.00757143 951.059 -433.875
0.00764286 809.021 -781.825
0.00771429 587.791 -974.926
0.00778571 309.024 -974.93
0.00785714 0.00727628 -781.838
0.00792857 -309.01 -433.893
0.008 -587.779 -0.0105837
0.00807143 -809.013 433.874
0.00814286 -951.054 781.825
0.00821429 -1000 974.925
0.00828571 -951.059 974.93
0.00835714 -809.022 781.838
0.00842857 -587.792 433.894
0.0085 -309.024 0.0112452
0.00857143 -0.00793776 -433.874
0.00864286 309.009 -781.824
0.00871429 587.779 -974.925
0.00878571 809.012 -974.93
0.00885714 951.054 -781.839
0.00892857 1000 -433.894
0.009 951.059 -0.0119066
0.00907143 809.022 433.873
0.00914286 587.792 781.824
0.00921429 309.025 974.925
0.00928571 0.00859924 974.931
0.00935714 -309.009 781.839
0.00942857 -587.778 433.895
0.0095 -809.012 0.0125681
0.00957143 -951.054 -433.872
0.00964286 -1000 -781.824
0.00971429 -951.059 -974.925
0.00978571 -809.022 -974.931
0.00985714 -587.793 -781.84
0.00992857 -309.026 -433.896
0.01 -0.00926072 -0.0132296
0.0100714 309.008 433.872
0.0101429 587.778 781.823
0.0102143 809.011 974.925
0.0102857 951.054 974.931
0.0103571 1000 781.84
0.0104286 951.06 433.896
0.0105 809.023 0.0138911
0.0105714 587.793 -433.871
0.0106429 309.026 -781.823
0.0107143 0.0099222 -974.925
0.0107857 -309.008 -974.931
0.0108571 -587.777 -781.84
0.0109286 -809.011 -433.897
0.011 -951.053 -0.0145526
0.0110714 -1000 433.871
0.0111429 -951.06 781.822
0.0112143 -809.023 974.925
0.0112857 -587.794 974.931
0.0113571 -309.027 781.841
0.0114286 -0.0105837 433.897
0.0115 309.007 0.015214
0.0115714 587.777 -433.87
0.0116429 809.011 -781.822
0.0117143 951.053 -974.924
0.0117857 1000 -974.931
0.0118571 951.06 -781.841
0.0119286 809.023 -433.898
0.012 587.794 -0.0158755
0.0120714 309.028 433.869
0.0121429 0.0112452 781.821
0.0122143 -309.006 974.924
0.0122857 -587.776 974.932
0.0123571 -809.01 781.842
0.0124286 -951.053 433.899
0.0125 -1000 0.016537
0.0125714 -951.06 -433.869
0.0126429 -809.024 -781.821
0.0127143 -587.795 -974.924
0.0127857 -309.028 -974.932
0.0128571 -0.0119066 -781.842
0.0129286 309.006 -433.899
0.013 587.776 -0.0171985
0.0130714 809.01 433.868
0.0131429 951.053 781.821
0.0132143 1000 974.924
0.0132857 951.06 974.932
0.0133571 809.024 781.843
0.0134286 587.795 433.9
0.0135 309.029 0.01786
0.0135714 0.0125681 -433.868
0.0136429 -309.005 -781.82
0.0137143 -587.775 -974.924
0.0137857 -809.009 -974.932
0.0138571 -951.053 -781.843
0.0139286 -1000 -433.9
0.014 -951.061 -0.0185214
0.0140714 -809.025 433.867
0.0141429 -587.796 781.82
0.0142143 -309.03 974.924
0.0142857 -0.0132296 974.932
0.0143571 309.004 781.843
0.0144286 587.774 433.901
0.0145 809.009 0.0191829
0.0145714 951.052 -433.866
0.0146429 1000 -781.819
0.0147143 951.061 -974.924
0.0147857 809.025 -974.932
0.0148571 587.796 -781.844
0.0149286 309.03 -433.902
0.015 0.0138911 -0.0198444
0.0150714 -309.004 433.866
0.0151429 -587.774 781.819
0.0152143 -809.009 974.923
0.0152857 -951.052 974.932
0.0153571 -1000 781.844
0.0154286 -951.061 433.902
0.0155 -809.025 0.0205059
0.0155714 -587.797 -433.865
0.0156429 -309.031 -781.819
0.0157143 -0.0145526 -974.923
0.0157857 309.003 -974.933
0.0158571 587.773 -781.845
0.0159286 809.008 -433.903
0.016 951.052 -0.0211674
0.0160714 1000 433.865
0.0161429 951.061 781.818
0.0162143 809.026 974.923
0.0162857 587.797 974.933
0.0163571 309.031 781.845
0.0164286 0.015214 433.903
0.0165 -309.002 0.0218288
0.0165714 -587.773 -433.864
0.0166429 -809.008 -781.818
0.0167143 -951.052 -974.923
0.0167857 -1000 -974.933
0.0168571 -951.061 -781.845
0.0169286 -809.026 -433.904
0.017 -587.798 -0.0224903
0.0170714 -309.032 433.863
0.0171429 -0.0158755 781.817
0.0172143 309.002 974.923
0.0172857 587.772 974.933
0.0173571 809.008 781.846
0.0174286 951.052 433.905
0.0175 1000 0.0231518
0.0175714 951.062 -433.863
0.0176429 809.027 -781.817
0.0177143 587.799 -974.923
0.0177857 309.033 -974.933
0.0178571 0.016537 -781.846
0.0179286 -309.001 -433.905
0.018 -587.772 -0.0238133
0.0180714 -809.007 433.862
0.0181429 -951.051 781.817
0.0182143 -1000 974.923
0.0182857 -951.062 974.933
0.0183571 -809.027 781.847
0.0184286 -587.799 433.906
0.0185 -309.033 0.0244748
0.0185714 -0.0171985 -433.862
0.0186429 309.001 -781.816
0.0187143 587.771 -974.922
0.0187857 809.007 -974.933
0.0188571 951.051 -781.847
0.0189286 1000 -433.906
0.019 951.062 -0.0251362
0.0190714 809.027 433.861
0.0191429 587.8 781.816
0.0192143 309.034 974.922
0.0192857 0.01786 974.934
0.0193571 -309 781.847
0.0194286 -587.771 433.907
0.0195 -809.006 0.0257977
0.0195714 -951.051 -433.86
0.0196429 -1000 -781.815
0.0197143 -951.062 -974.922
0.0197857 -809.028 -974.934
0.0198571 -587.8 -781.848
0.0199286 -309.035 -433.908
0.02 -0.0185214 -0.0264592
0.0200714 308.999 433.86
0.0201429 587.77 781.815
0.0202143 809.006 974.922
0.0202857 951.051 974.934
0.0203571 1000 781.848
0.0204286 951.062 433.908
0.0205 809.028 0.0271207
0.0205714 587.801 -433.859
0.0206429 309.035 -781.814
0.0207143 0.0191829 -974.922
0.0207857 -308.999 -974.934
0.0208571 -587.77 -781.849
0.0209286 -809.006 -433.909
0.021 -951.05 -0.0277822
0.0210714 -1000 433.859
0.0211429 -951.063 781.814
0.0212143 -809.029 974.922
0.0212857 -587.801 974.934
0.0213571 -309.036 781.849
0.0214286 -0.0198444 433.909
0.0215 308.998 0.0284436
0.0215714 587.769 -433.858
0.0216429 809.005 -781.814
0.0217143 951.05 -974.922
0.0217857 1000 -974.934
0.0218571 951.063 -781.849
0.0219286 809.029 -433.91
0.022 587.802 -0.0291051
0.0220714 309.036 433.857
0.0221429 0.0205059 781.813
0.0222143 -308.997 974.921
0.0222857 -587.769 974.934
0.0223571 -809.005 781.85
0.0224286 -951.05 433.91
0.0225 -1000 0.0297666
0.0225714 -951.063 -433.857
0.0226429 -809.029 -781.813
0.0227143 -587.802 -974.921
0.0227857 -309.037 -974.935
0.0228571 -0.0211674 -781.85
0.0229286 308.997 -433.911
0.023 587.768 -0.0304281
0.0230714 809.004 433.856
0.0231429 951.05 781.812
0.0232143 1000 974.921
0.0232857 951.063 974.935
0.0233571 809.03 781.851
0.0234286 587.803 433.912
0.0235 309.038 0.0310896
0.0235714 0.0218288 -433.856
0.0236429 -308.996 -781.812
0.0237143 -587.767 -974.921
0.0237857 -809.004 -974.935
0.0238571 -951.05 -781.851
0.0239286 -1000 -433.912
0.024 -951.063 -0.031751
0.0240714 -809.03 433.855
0.0241429 -587.803 781.812
0.0242143 -309.038 974.921
0.0242857 -0.0224903 974.935
0.0243571 308.996 781.852
0.0244286 587.767 433.913
0.0245 809.004 0.0324125
0.0245714 951.049 -433.854
0.0246429 1000 -781.811
0.0247143 951.064 -974.921
0.0247857 809.03 -974.935
0.0248571 587.804 -781.852
0.0249286 309.039 -433.913
0.025 0.0231518 -0.033074
0.0250714 -308.995 433.854
0.0251429 -587.766 781.811
0.0252143 -809.003 974.92
0.0252857 -951.049 974.935
0.0253571 -1000 781.852
0.0254286 -951.064 433.914
0.0255 -809.031 0.0337355
0.0255714 -587.804 -433.853
0.0256429 -309.04 -781.81
0.0257143 -0.0238133 -974.92
0.0257857 308.994 -974.935
0.0258571 587.766 -781.853
0.0259286 809.003 -433.915
0.026 951.049 -0.034397
0.0260714 1000 433.853
0.0261429 951.064 781.81
0.0262143 809.031 974.92
0.0262857 587.805 974.936
0.0263571 309.04 781.853
0.0264286 0.0244748 433.915
0.0265 -308.994 0.0350584
0.0265714 -587.765 -433.852
0.0266429 -809.003 -781.81
0.0267143 -951.049 -974.92
0.0267857 -1000 -974.936
0.0268571 -951.064 -781.854
0.0269286 -809.032 -433.916
0.027 -587.805 -0.0357199
0.0270714 -309.041 433.851
0.0271429 -0.0251362 781.809
0.0272143 308.993 974.92
0.0272857 587.765 974.936
0.0273571 809.002 781.854
0.0274286 951.049 433.916
0.0275 1000 0.0363814
0.0275714 951.064 -433.851
0.0276429 809.032 -781.809
0.0277143 587.806 -974.92
0.0277857 309.041 -974.936
0.0278571 0.0257977 -781.854
0.0279286 -308.992 -433.917
0.028 -587.764 -0.0370429
0.0280714 -809.002 433.85
0.0281429 -951.048 781.808
0.0282143 -1000 974.92
0.0282857 -951.065 974.936
0.0283571 -809.032 781.855
0.0284286 -587.807 433.918
0.0285 -309.042 0.0377044
0.0285714 -0.0264592 -433.85
0.0286429 308.992 -781.808
0.0287143 587.764 -974.919
0.0287857 809.001 -974.936
0.0288571 951.048 -781.855
0.0289286 1000 -433.918
0.029 951.065 -0.0383658
0.0290714 809.033 433.849
0.0291429 587.807 781.807
0.0292143 309.043 974.919
0.0292857 0.0271207 974.937
0.0293571 -308.991 781.856
0.0294286 -587.763 433.919
0.0295 -809.001 0.0390273
0.0295714 -951.048 -433.848
0.0296429 -1000 -781.807
0.0297143 -951.065 -974.919
0.0297857 -809.033 -974.937
0.0298571 -587.808 -781.856
0.0299286 -309.043 -433.919
0.03 -0.0277822 -0.0396888
0.0300714 308.991 433.848
0.0301429 587.763 781.807
0.0302143 809.001 974.919
0.0302857 951.048 974.937
0.0303571 1000 781.857
0.0304286 951.065 433.92
0.0305 809.034 0.0403503
0.0305714 587.808 -433.847
0.0306429 309.044 -781.806
0.0307143 0.0284436 -974.919
0.0307857 -308.99 -974.937
0.0308571 -587.762 -781.857
0.0309286 -809 -433.921
0.031 -951.048 -0.0410118
0.0310714 -1000 433.847
0.0311429 -951.065 781.806
0.0312143 -809.034 974.919
0.0312857 -587.809 974.937
0.0313571 -309.045 781.857
0.0314286 -0.0291051 433.921
0.0315 308.989 0.0416732
0.0315714 587.762 -433.846
0.0316429 809 -781.805
0.0317143 951.047 -974.919
0.0317857 1000 -974.937
0.0318571 951.066 -781.858
0.0319286 809.034 -433.922
0.032 587.809 -0.0423347
0.0320714 309.045 433.846
0.0321429 0.0297666 781.805
0.0322143 -308.989 974.918
0.0322857 -587.761 974.937
0.0323571 -808.999 781.858
0.0324286 -951.047 433.922
0.0325 -1000 0.0429962
0.0325714 -951.066 -433.845
0.0326429 -809.035 -781.805
0.0327143 -587.81 -974.918
0.0327857 -309.046 -974.938
0.0328571 -0.0304281 -781.859
0.0329286 308.988 -433.923
0.033 587.76 -0.0436577
0.0330714 808.999 433.844
0.0331429 951.047 781.804
0.0332143 1000 974.918
0.0332857 951.066 974.938
0.0333571 809.035 781.859
0.0334286 587.81 433.924
0.0335 309.047 0.0443192
0.0335714 0.0310896 -433.844
0.0336429 -308.987 -781.804
0.0337143 -587.76 -974.918
0.0337857 -808.999 -974.938
0.0338571 -951.047 -781.859
0.0339286 -1000 -433.924
0.034 -951.066 -0.0449806
0.0340714 -809.036 433.843
0.0341429 -587.811 781.803
0.0342143 -309.047 974.918
0.0342857 -0.031751 974.938
0.0343571 308.987 781.86
0.0344286 587.759 433.925
0.0345 808.998 0.0456421
0.0345714 951.047 -433.843
0.0346429 1000 -781.803
0.0347143 951.066 -974.918
0.0347857 809.036 -974.938
0.0348571 587.811 -781.86
0.0349286 309.048 -433.925
0.035 0.0324125 -0.0463036
0.0350714 -308.986 433.842
0.0351429 -587.759 781.802
0.0352143 -808.998 974.918
0.0352857 -951.046 974.938
0.0353571 -1000 781.861
0.0354286 -951.067 433.926
0.0355 -809.036 0.0469651
0.0355714 -587.812 -433.841
0.0356429 -309.048 -781.802
