0 1228
2.26757e-05 234
4.53515e-05 1229
6.80272e-05 192
9.07029e-05 1212
0.000113379 157
0.000136054 1181
0.00015873 129
0.000181406 1142
0.000204082 107
0.000226757 1090
0.000249433 95
0.000272109 1028
0.000294785 97
0.00031746 964
0.000340136 107
0.000362812 905
0.000385488 121
0.000408163 856
0.000430839 144
0.000453515 826
0.00047619 178
0.000498866 821
0.000521542 217
0.000544218 842
0.000566893 260
0.000589569 890
0.000612245 312
0.000634921 966
0.000657596 370
0.000680272 1059
0.000702948 426
0.000725624 1160
0.000748299 479
0.000770975 1262
0.000793651 534
0.000816327 1358
0.000839002 588
0.000861678 1437
0.000884354 633
0.000907029 1496
0.000929705 665
0.000952381 1532
0.000975057 689
0.000997732 1532
0.00102041 700
0.00104308 1483
0.00106576 695
0.00108844 1391
0.00111111 670
0.00113379 1259
0.00115646 625
0.00117914 1084
0.00120181 564
0.00122449 867
0.00124717 491
0.00126984 625
0.00129252 414
0.00131519 375
0.00133787 337
0.00136054 127
0.00138322 260
0.0014059 -114
0.00142857 186
0.00145125 -340
0.00147392 120
0.0014966 -542
0.00151927 65
0.00154195 -714
0.00156463 17
0.0015873 -860
0.00160998 -22
0.00163265 -982
0.00165533 -50
0.001678 -1072
0.00170068 -63
0.00172336 -1123
0.00174603 -65
0.00176871 -1131
0.00179138 -52
0.00181406 -1096
0.00183673 -21
0.00185941 -1020
0.00188209 22
0.00190476 -907
0.00192744 72
0.00195011 -765
0.00197279 128
0.00199546 -607
0.00201814 189
0.00204082 -449
0.00206349 249
0.00208617 -305
0.00210884 300
0.00213152 -188
0.00215419 341
0.00217687 -104
0.00219955 367
0.00222222 -53
0.0022449 374
0.00226757 -38
0.00229025 360
0.00231293 -64
0.0023356 320
0.00235828 -134
0.00238095 257
0.00240363 -239
0.0024263 179
0.00244898 -364
0.00247166 88
0.00249433 -505
0.00251701 -15
0.00253968 -655
0.00256236 -123
0.00258503 -802
0.00260771 -226
0.00263039 -930
0.00265306 -325
0.00267574 -1033
0.00269841 -422
0.00272109 -1104
0.00274376 -510
0.00276644 -1141
0.00278912 -584
0.00281179 -1140
0.00283447 -648
0.00285714 -1107
0.00287982 -703
0.00290249 -1050
0.00292517 -751
0.00294785 -985
0.00297052 -798
0.0029932 -927
0.00301587 -847
0.00303855 -890
0.00306122 -900
0.0030839 -886
0.00310658 -963
0.00312925 -925
0.00315193 -1041
0.0031746 -1004
0.00319728 -1126
0.00321995 -1118
0.00324263 -1216
0.00326531 -1261
0.00328798 -1314
0.00331066 -1421
0.00333333 -1413
0.00335601 -1576
0.00337868 -1498
0.00340136 -1710
0.00342404 -1564
0.00344671 -1815
0.00346939 -1618
0.00349206 -1880
0.00351474 -1651
0.00353741 -1891
0.00356009 -1654
0.00358277 -1839
0.00360544 -1629
0.00362812 -1728
0.00365079 -1581
0.00367347 -1564
0.00369615 -1506
0.00371882 -1359
0.0037415 -1405
0.00376417 -1131
0.00378685 -1288
0.00380952 -898
0.0038322 -1159
0.00385488 -674
0.00387755 -1022
0.00390023 -474
0.0039229 -890
0.00394558 -309
0.00396825 -773
0.00399093 -176
0.00401361 -665
0.00403628 -63
0.00405896 -559
0.00408163 34
0.00410431 -460
0.00412698 121
0.00414966 -369
0.00417234 199
0.00419501 -283
0.00421769 271
0.00424036 -204
0.00426304 335
0.00428571 -134
0.00430839 382
0.00433107 -71
0.00435374 410
0.00437642 -16
0.00439909 419
0.00442177 27
0.00444444 413
0.00446712 60
0.0044898 386
0.00451247 83
0.00453515 339
0.00455782 99
0.0045805 278
0.00460317 107
0.00462585 208
0.00464853 108
0.0046712 131
0.00469388 101
0.00471655 44
0.00473923 87
0.0047619 -51
0.00478458 70
0.00480726 -154
0.00482993 53
0.00485261 -255
0.00487528 36
0.00489796 -346
0.00492063 16
0.00494331 -434
0.00496599 0
0.00498866 -525
0.00501134 -12
0.00503401 -619
0.00505669 -24
0.00507936 -714
0.00510204 -38
0.00512472 -807
0.00514739 -48
0.00517007 -884
0.00519274 -48
0.00521542 -933
0.0052381 -39
0.00526077 -959
0.00528345 -23
0.00530612 -967
0.0053288 3
0.00535147 -944
0.00537415 42
0.00539683 -874
0.0054195 94
0.00544218 -752
0.00546485 164
0.00548753 -580
0.0055102 252
0.00553288 -360
0.00555556 351
0.00557823 -106
0.00560091 457
0.00562358 167
0.00564626 570
0.00566893 453
0.00569161 687
0.00571429 739
0.00573696 797
0.00575964 1012
0.00578231 896
0.00580499 1269
0.00582766 986
0.00585034 1507
0.00587302 1059
0.00589569 1717
0.00591837 1108
0.00594104 1898
0.00596372 1141
0.00598639 2049
0.00600907 1164
0.00603175 2165
0.00605442 1167
0.0060771 2240
0.00609977 1152
0.00612245 2276
0.00614512 1127
0.0061678 2272
0.00619048 1092
0.00621315 2218
0.00623583 1039
0.0062585 2117
0.00628118 972
0.00630385 1989
0.00632653 901
0.00634921 1854
0.00637188 829
0.00639456 1730
0.00641723 754
0.00643991 1632
0.00646258 683
0.00648526 1574
0.00650794 628
0.00653061 1555
0.00655329 585
0.00657596 1576
0.00659864 556
0.00662132 1641
0.00664399 546
0.00666667 1746
0.00668934 555
0.00671202 1881
0.00673469 579
0.00675737 2036
0.00678005 616
0.00680272 2203
0.0068254 670
0.00684807 2371
0.00687075 741
0.00689342 2535
0.0069161 819
0.00693878 2683
0.00696145 897
0.00698413 2801
0.0070068 973
0.00702948 2884
0.00705215 1045
0.00707483 2934
0.00709751 1106
0.00712018 2942
0.00714286 1150
0.00716553 2904
0.00718821 1179
0.00721088 2828
0.00723356 1197
0.00725624 2721
0.00727891 1199
0.00730159 2576
0.00732426 1178
0.00734694 2386
0.00736961 1141
0.00739229 2150
0.00741497 1097
0.00743764 1875
0.00746032 1048
0.00748299 1573
0.00750567 989
0.00752834 1257
0.00755102 925
0.0075737 938
0.00759637 862
0.00761905 628
0.00764172 801
0.0076644 347
0.00768707 735
0.00770975 102
0.00773243 667
0.0077551 -114
0.00777778 603
0.00780045 -305
0.00782313 537
0.00784581 -459
0.00786848 469
0.00789116 -572
0.00791383 406
0.00793651 -649
0.00795918 352
0.00798186 -699
0.00800453 300
0.00802721 -744
0.00804989 247
0.00807256 -800
0.00809524 195
0.00811791 -865
0.00814059 148
0.00816326 -928
0.00818594 104
0.00820862 -986
0.00823129 64
0.00825397 -1038
0.00827664 33
0.00829932 -1078
0.00832199 12
0.00834467 -1105
0.00836735 3
0.00839002 -1113
0.0084127 9
0.00843537 -1087
0.00845805 31
0.00848073 -1027
0.0085034 65
0.00852608 -939
0.00854875 109
0.00857143 -815
0.0085941 165
0.00861678 -641
0.00863946 234
0.00866213 -424
0.00868481 316
0.00870748 -186
0.00873016 410
0.00875283 66
0.00877551 510
0.00879819 329
0.00882086 611
0.00884354 579
0.00886621 706
0.00888889 797
0.00891156 787
0.00893424 974
0.00895692 850
0.00897959 1096
0.00900227 889
0.00902494 1151
0.00904762 901
0.00907029 1145
0.00909297 886
0.00911565 1086
0.00913832 845
0.009161 969
0.00918367 773
0.00920635 793
0.00922902 665
0.0092517 563
0.00927438 527
0.00929705 289
0.00931973 370
0.0093424 -24
0.00936508 194
0.00938775 -374
0.00941043 2
0.00943311 -752
0.00945578 -197
0.00947846 -1144
0.00950113 -398
0.00952381 -1530
0.00954648 -601
0.00956916 -1893
0.00959184 -800
0.00961451 -2214
0.00963719 -981
0.00965986 -2468
0.00968254 -1144
0.00970522 -2647
0.00972789 -1293
0.00975057 -2767
0.00977324 -1421
0.00979592 -2845
0.00981859 -1520
0.00984127 -2881
0.00986395 -1596
0.00988662 -2878
0.0099093 -1657
0.00993197 -2856
0.00995465 -1701
0.00997732 -2830
0.01 -1728
0.0100227 -2806
0.0100454 -1751
0.010068 -2796
0.0100907 -1777
0.0101134 -2815
0.0101361 -1804
0.0101587 -2859
0.0101814 -1830
0.0102041 -2913
0.0102268 -1857
0.0102494 -2976
0.0102721 -1884
0.0102948 -3051
0.0103175 -1908
0.0103401 -3123
0.0103628 -1928
0.0103855 -3175
0.0104082 -1944
0.0104308 -3209
0.0104535 -1960
0.0104762 -3233
0.0104989 -1977
0.0105215 -3250
0.0105442 -1993
0.0105669 -3254
0.0105896 -2004
0.0106122 -3247
0.0106349 -2012
0.0106576 -3234
0.0106803 -2016
0.0107029 -3211
0.0107256 -2016
0.0107483 -3170
0.010771 -2011
0.0107937 -3108
0.0108163 -2001
0.010839 -3031
0.0108617 -1988
0.0108844 -2955
0.010907 -1980
0.0109297 -2898
0.0109524 -1984
0.0109751 -2878
0.0109977 -2004
0.0110204 -2903
0.0110431 -2034
0.0110658 -2975
0.0110884 -2072
0.0111111 -3088
0.0111338 -2118
0.0111565 -3229
0.0111791 -2170
0.0112018 -3386
0.0112245 -2222
0.0112472 -3555
0.0112698 -2271
0.0112925 -3725
0.0113152 -2314
